0 4 -6.458965182314917 -6.277971085626415 -1.9078042167232674 -1.8678595170761068
0 5 -6.394029442938526 -6.286259857865287 -2.0086912880327517 -1.8247636416023498
1 2 -6.764113940495665 -6.486807826499312 -1.8240199611962422 -1.5722216770039386
1 3 -6.767215210385108 -6.484985953102472 -1.8230388866703569 -1.7016079348717466
1 5 -6.485930534486244 -6.3230333579530065 -1.863984250176617 -1.822843885497755
1 7 -6.653892907662197 -6.481178807326142 -1.8185853236934513 -1.7520421538108522
2 4 -6.773658376663955 -6.397375375651675 -1.8101932402134573 -1.6897850675661306
2 7 -6.75252444602525 -6.654215659345325 -1.7517658061953085 -1.6654931304689404
2 8 -6.765825576922673 -6.615778584413631 -1.660275438865436 -1.573340058700172
3 5 -6.777451527516838 -6.292709215829658 -1.8314960231562853 -1.7194047537206463
3 7 -6.761214519772979 -6.648384411997018 -1.7586037164971098 -1.7413509403680276
3 9 -6.58349711260975 -6.486803995777068 -1.7066074502271018 -1.698993292297045
4 6 -6.858286948537279 -6.417193296365095 -1.8281173124452788 -1.7011419573965763
4 9 -6.4851535185966025 -6.402032494326153 -1.8148800324940375 -1.697624051668155
5 6 -6.811211574796336 -6.3242616963528455 -1.8670944791398403 -1.6669268446013934
5 7 -6.652015010724834 -6.324799499650387 -1.8655441661079677 -1.7503172919123269
5 8 -6.610896637578328 -6.3242351127738745 -1.8656675657594672 -1.665964610685091
5 9 -6.480737671268132 -6.323509093237665 -1.8643917532347016 -1.6995621742277918
6 9 -6.577690827398847 -6.483848950883068 -1.7030396452992524 -1.6516013467744455
7 9 -6.546796377153753 -6.505231692171269 -1.7392758821217706 -1.7071408320264123
