-6.927268203407724201e+00 -6.268895507022076430e+00 -1.900251494917863271e+00 -1.548984006610413466e+00
-6.986740701795040920e+00 -6.486632643581140556e+00 -1.822596400908260028e+00 -1.480417925186223282e+00
-6.841795085171796131e+00 -6.764765738242428661e+00 -1.572527922020928948e+00 -1.520164145146552626e+00
-6.809186022398013627e+00 -6.768470238309387987e+00 -1.702887333490279431e+00 -1.630381934972850999e+00
-6.889746310554626163e+00 -6.397990814195359199e+00 -1.809522094035401318e+00 -1.690027266576016096e+00
-7.026230603029604893e+00 -6.324737882986365634e+00 -1.865877031453846202e+00 -1.664843741010549438e+00
-6.822060267656278043e+00 -6.815280436045118684e+00 -1.572066516708646944e+00 -1.548041950999941463e+00
-6.749179599095041837e+00 -6.655507097423232210e+00 -1.753761951346649806e+00 -1.667101973059601061e+00
-7.009155844184413731e+00 -6.613935385691746660e+00 -1.661440658394465864e+00 -1.552274746076423684e+00
-6.578403380859812799e+00 -6.482837053875769584e+00 -1.701635750659661106e+00 -1.650274921440626708e+00
